-1.135933175683021545e-01
8.659669756889343262e-02
-1.478376537561416626e-01
-4.162457287311553955e-01
3.033277019858360291e-02
2.973511442542076111e-02
-1.223802566528320312e-01
-2.216756716370582581e-02
7.246121764183044434e-03
4.358305037021636963e-02
-3.823805367574095726e-03
1.147892046719789505e-02
-2.196089178323745728e-01
3.548667952418327332e-02
2.066071331501007080e-01
1.937406063079833984e-01
6.928463280200958252e-02
2.252532728016376495e-02
-2.030338533222675323e-02
2.981497906148433685e-02
3.878682106733322144e-02
-1.722331158816814423e-03
5.453917011618614197e-02
-1.771363914012908936e-01
2.317370381206274033e-03
-7.456679344177246094e-01
5.128913745284080505e-02
7.539001852273941040e-02
9.677097946405410767e-02
3.611896559596061707e-02
-2.720156908035278320e-01
4.507939517498016357e-02
3.043400123715400696e-02
-3.400243520736694336e-01
3.591156750917434692e-02
3.522994741797447205e-02
8.699573576450347900e-02
6.463589519262313843e-02
4.093327745795249939e-02
-2.242476046085357666e-01
9.507749229669570923e-02
2.097627148032188416e-02
1.051924284547567368e-02
1.796933710575103760e-01
1.784681379795074463e-01
-8.278941363096237183e-02
-1.643227487802505493e-01
1.448511378839612007e-03
7.501804083585739136e-02
5.379810184240341187e-02
1.116792485117912292e-01
5.950130522251129150e-02
5.604087188839912415e-02
6.521502044051885605e-03
8.275121450424194336e-02
-4.235221147537231445e-01
6.209100410342216492e-02
-2.564644999802112579e-02
-3.184298872947692871e-01
5.467804148793220520e-02
-2.497518993914127350e-02
9.914503991603851318e-02
4.513683170080184937e-02
4.162805527448654175e-02
3.003419563174247742e-02
3.875816613435745239e-02
1.485179178416728973e-02
-2.068448998034000397e-02
4.336386919021606445e-02
7.158777862787246704e-02
7.879874110221862793e-02
-1.548168528825044632e-02
3.004334867000579834e-02
-8.892118185758590698e-02
-5.740721523761749268e-02
-1.543650776147842407e-02
-3.453964293003082275e-01
3.768721967935562134e-02
1.019197050482034683e-02
2.417819201946258545e-02
