7.880601286888122559e-01
-4.787308871746063232e-01
7.851856946945190430e-01
-1.121476173400878906e+00
1.285774409770965576e-01
1.670232042670249939e-02
1.741331338882446289e+00
1.938321888446807861e-01
9.575268626213073730e-02
-9.250776469707489014e-02
-5.138688683509826660e-01
-1.935493946075439453e-02
-1.509839296340942383e+00
-3.943842947483062744e-01
-8.408606648445129395e-01
1.831541895866394043e+00
4.817965328693389893e-01
1.766494363546371460e-01
1.301168352365493774e-01
3.859784007072448730e-01
-3.384287059307098389e-01
-1.924584746360778809e+00
-2.033821344375610352e-01
1.007616996765136719e+00
2.085710912942886353e-01
1.505590677261352539e+00
-1.172152832150459290e-01
-3.252396285533905029e-01
-4.213587939739227295e-01
-3.930766507983207703e-02
7.093558311462402344e-01
-1.521492838859558105e+00
-4.581806361675262451e-01
-1.129031062126159668e+00
1.275845319032669067e-01
6.347534060478210449e-02
-4.821823239326477051e-01
-3.117347955703735352e-01
-7.410506010055541992e-01
-2.090026617050170898e+00
-3.847797811031341553e-01
1.388123184442520142e-01
2.695227861404418945e-01
8.120523095130920410e-01
6.955288648605346680e-01
1.576493680477142334e-01
8.255262374877929688e-01
-2.335847020149230957e-01
-3.623929619789123535e-01
3.653134405612945557e-01
5.490006208419799805e-01
-2.020025700330734253e-01
3.782239258289337158e-01
2.780840396881103516e-01
4.151274561882019043e-01
-1.185380339622497559e+00
-2.837961316108703613e-01
-6.734412908554077148e-01
-1.754362821578979492e+00
-2.979114055633544922e-01
5.174377560615539551e-01
1.062532305717468262e+00
-1.982360929250717163e-01
2.804435491561889648e-01
6.621549278497695923e-02
-1.458512097597122192e-01
9.476573467254638672e-01
8.048265576362609863e-01
-8.620086126029491425e-03
5.748062729835510254e-01
2.401168793439865112e-01
-4.524219632148742676e-01
6.637462973594665527e-02
9.051511883735656738e-01
1.891243338584899902e+00
-2.487307488918304443e-01
-8.040125370025634766e-01
-2.140409201383590698e-01
3.108253777027130127e-01
-6.038944702595472336e-04
