1.560650169849395752e-01
-4.649558365345001221e-01
1.828540265560150146e-01
-1.125457584857940674e-01
-5.080220755189657211e-03
5.413369461894035339e-02
-4.489925131201744080e-02
3.498815372586250305e-02
-2.013058774173259735e-02
2.919471025466918945e+00
1.784842759370803833e-01
1.209300979971885681e-01
-1.128955125808715820e+00
-2.525099925696849823e-02
-2.438497245311737061e-01
-1.076433733105659485e-01
-1.330410689115524292e-01
2.088716328144073486e-01
3.656869530677795410e-01
-9.822511672973632812e-01
-6.776309013366699219e-02
1.647436469793319702e-01
1.066895127296447754e-01
2.245090305805206299e-01
3.972014412283897400e-02
3.928610384464263916e-01
3.953357338905334473e-01
-3.759253025054931641e-01
-3.536095470190048218e-02
4.113705456256866455e-02
-2.769885361194610596e-01
-2.204641848802566528e-01
-1.052803546190261841e-01
-6.435130238533020020e-01
2.645939290523529053e-01
-1.634600311517715454e-01
2.638942375779151917e-02
-5.236508324742317200e-03
-5.030480027198791504e-01
5.903892517089843750e-01
8.862468414008617401e-03
-3.010760247707366943e-02
1.255803853273391724e-01
8.652997761964797974e-02
6.669562458992004395e-01
-1.150038987398147583e-01
4.353275895118713379e-02
1.394458711147308350e-01
-2.452497780323028564e-01
-5.271767079830169678e-02
3.347823619842529297e-01
-3.437928259372711182e-01
4.026295244693756104e-01
-2.802080214023590088e-01
-7.593101263046264648e-02
-2.652065277099609375e+00
1.374495029449462891e-01
-1.104869008064270020e+00
-1.699303090572357178e-02
3.657046258449554443e-01
1.065858919173479080e-02
1.211722567677497864e-02
9.965048730373382568e-02
1.752215772867202759e-01
1.420681953430175781e+00
6.754294037818908691e-02
-1.461963176727294922e+00
-2.103756219148635864e-01
-6.128063052892684937e-02
-4.772207140922546387e-01
3.192111849784851074e-01
2.489354014396667480e-01
-3.972136229276657104e-02
1.417850377038121223e-03
-1.450262684375047684e-02
-1.252946257591247559e-01
-2.303003966808319092e-01
3.010073304176330566e-01
-2.454673647880554199e-01
-1.147968322038650513e-01
1.613972485065460205e-01
-3.304128646850585938e-01
-9.528537839651107788e-02
-2.092775404453277588e-01
1.202239170670509338e-01
-2.888603806495666504e-01
2.119283657521009445e-03
-7.957140915095806122e-03
-2.180631399154663086e+00
1.611422980204224586e-03
-1.316315978765487671e-01
-8.481635153293609619e-02
-1.123008131980895996e-01
-3.316121995449066162e-01
2.469841986894607544e-01
4.297158420085906982e-01
8.872307091951370239e-02
-3.678094625473022461e+00
-3.309298455715179443e-01
2.940095961093902588e-01
1.152750551700592041e-01
-1.114042848348617554e-01
-3.310968726873397827e-02
2.627029895782470703e+00
-3.427843153476715088e-01
1.091666892170906067e-01
-4.095374792814254761e-02
1.188988089561462402e-01
-8.057020604610443115e-02
4.109352529048919678e-01
7.480670213699340820e-01
2.394113689661026001e-01
-9.956762939691543579e-02
4.340182244777679443e-01
1.066268682479858398e+00
-9.168774634599685669e-02
3.888963907957077026e-02
2.543740272521972656e-01
1.320238560438156128e-01
4.203995764255523682e-01
-5.821087956428527832e-02
2.421855367720127106e-02
8.807123452425003052e-02
1.004216432571411133e+00
1.491412371397018433e-01
3.914754092693328857e-01
1.373657733201980591e-01
2.319578826427459717e-01
-4.207885637879371643e-02
1.785876274108886719e+00
2.519316673278808594e-01
-6.544917821884155273e-02
5.304953828454017639e-02
-1.038852706551551819e-01
1.018658801913261414e-01
1.405084878206253052e-01
-3.479802012443542480e-01
1.060143709182739258e-01
-1.892680376768112183e-01
-1.788657754659652710e-01
3.203137516975402832e-01
6.613778322935104370e-02
1.455676183104515076e-02
4.256863892078399658e-02
8.919462561607360840e-02
-1.291409879922866821e-01
1.190248429775238037e-01
2.045061141252517700e-01
3.976856172084808350e-01
-1.963092833757400513e-01
