5.730823427438735962e-02
3.451478108763694763e-02
-1.470908671617507935e-01
-3.945380449295043945e-01
4.159864410758018494e-02
4.216706380248069763e-02
4.768254980444908142e-02
3.256965056061744690e-02
2.489388547837734222e-02
4.033225774765014648e-02
-6.958056241273880005e-02
2.710622176527976990e-02
3.723553940653800964e-02
6.802848726511001587e-02
2.437894046306610107e-02
1.719592325389385223e-02
3.444653004407882690e-02
1.985823735594749451e-02
3.631089627742767334e-02
5.007741972804069519e-02
3.691251948475837708e-02
-3.784298151731491089e-02
-4.819793701171875000e-01
3.616591170430183411e-02
1.166395768523216248e-01
3.198909759521484375e-02
7.108525931835174561e-02
-2.495999336242675781e-01
-1.976983845233917236e-01
1.071555092930793762e-01
4.247839376330375671e-02
-2.528137266635894775e-01
-1.012067496776580811e-01
1.994740404188632965e-02
6.400844454765319824e-02
6.155591458082199097e-02
-2.491525709629058838e-01
1.224959343671798706e-01
9.582448750734329224e-02
4.095534980297088623e-02
-8.008258044719696045e-02
-5.351925492286682129e-01
-4.493864774703979492e-01
3.455579280853271484e-02
1.208505854010581970e-01
-3.072367906570434570e-01
1.292008440941572189e-02
3.460365161299705505e-02
2.177612110972404480e-02
7.460342347621917725e-02
3.628275915980339050e-02
1.522713061422109604e-02
2.395058795809745789e-02
4.759671911597251892e-02
2.989557571709156036e-02
3.812241181731224060e-02
5.661477893590927124e-02
-9.624938829801976681e-04
4.867244884371757507e-02
5.165163427591323853e-02
4.319521784782409668e-02
2.393665723502635956e-02
1.266577541828155518e-01
2.386996522545814514e-02
5.199707299470901489e-02
4.000046104192733765e-02
-4.489157721400260925e-02
3.812723606824874878e-02
3.874780237674713135e-02
4.765258729457855225e-02
1.049666255712509155e-01
1.089545246213674545e-02
5.239929258823394775e-02
4.501418024301528931e-02
3.287520259618759155e-02
-3.533948659896850586e-01
3.915185108780860901e-02
5.150663107633590698e-02
2.836749516427516937e-02
5.537539720535278320e-02
2.985869348049163818e-01
3.157299011945724487e-02
5.750551819801330566e-02
-3.730210959911346436e-01
4.304638132452964783e-02
