7.545502483844757080e-02
6.066592037677764893e-02
9.614955782890319824e-01
-3.910672187805175781e+00
-9.755544364452362061e-02
-1.298991441726684570e-01
-4.414486885070800781e-02
-4.998222365975379944e-02
1.714103370904922485e-01
-1.559120297431945801e+00
7.208246588706970215e-01
-1.543634980916976929e-01
-1.335503309965133667e-01
1.786683499813079834e-01
6.893000006675720215e-02
-1.661324650049209595e-01
5.349660664796829224e-02
3.066834211349487305e-01
1.926570385694503784e-01
-4.496276378631591797e+00
-3.700595349073410034e-02
6.521823406219482422e-01
1.320444583892822266e+00
4.910502135753631592e-01
6.455120444297790527e-01
-4.336115419864654541e-01
-1.506277322769165039e-01
1.139335155487060547e+00
-1.002847909927368164e+00
1.015686273574829102e+00
8.649297803640365601e-02
-1.793780803680419922e+00
1.377153277397155762e+00
-2.147257328033447266e-01
-1.170753836631774902e+00
-5.355343818664550781e-01
1.184001922607421875e+00
-1.027932047843933105e+00
4.572431087493896484e+00
-3.050725162029266357e-01
-9.325895309448242188e-01
-1.430980205535888672e+00
-1.269958138465881348e+00
-1.090589463710784912e-01
-5.135994404554367065e-02
7.910839319229125977e-01
-4.306950420141220093e-02
4.838325977325439453e-01
-9.157525375485420227e-03
-3.798975706100463867e+00
1.531865298748016357e-01
6.404841542243957520e-01
1.967217177152633667e-01
-5.312211066484451294e-02
-2.075653821229934692e-01
-8.860851638019084930e-03
2.184708714485168457e-01
4.274523735046386719e+00
-1.007092595100402832e-01
-1.835297346115112305e-01
1.971054077148437500e-01
-6.913117766380310059e-01
2.166305065155029297e+00
-5.461296439170837402e-01
-1.806333214044570923e-01
-5.660848319530487061e-02
-6.114556193351745605e-01
-8.972910046577453613e-01
-4.671248793601989746e-01
2.695744931697845459e-01
1.585689544677734375e+00
2.729654312133789062e-01
7.823041081428527832e-01
2.335932105779647827e-02
-2.479044944047927856e-01
-2.011327505111694336e+00
-9.737070649862289429e-02
-9.436694532632827759e-02
8.735328167676925659e-02
-4.497165083885192871e-01
-2.705701828002929688e+00
-1.513148993253707886e-01
1.068446901626884937e-03
8.830589652061462402e-01
-1.079543493688106537e-02
